31148727 5846566945
31148727 1910615997
31152551 6540538696
31152565 31232256
31152730 1275280773
31152736 31152730
31232256 6511954906
268301932 1274184084
268301932 6511954910
268301932 1273357465
268301942 4915380424
268301942 1830679642
724273969 1273136909
724275078 1800118154
724275078 724273969
724275665 724302658
724277749 1906515637
724277749 1805063042
724277749 7464564308
724302658 724273969
1273136909 1802839412
1273136909 1968450265
1273357465 1906513002
1273357465 2906087425
1273357465 268301932
1274183615 4539613962
1274183615 1274183665
1274183615 1906513002
1274183665 1274183615
1274183665 6054212750
1274183665 1274184084
1274184084 1274183665
1274184084 268301942
1275280773 1803547436
1275280773 1803547436
1800118154 1805062924
1800118154 724275665
1802839412 6545671418
1803547391 1805062924
1803547391 3511456911
1803547436 31152565
1805062871 1803547391
1805062924 3569151193
1805062924 1905259269
1805063022 3488754446
1805063022 5846566937
1805063038 5846566944
1805063038 1805063022
1805063038 6097881170
1805063042 724277749
1805063042 1906554322
1805063042 6054212750
1830679642 4915380424
1830679642 1832460041
1832460009 1832460028
1832460009 1832460021
1832460021 1832460009
1832460028 3488754446
1832460028 5846566937
1832460041 6054212750
1832460041 5846566937
1832460041 1830679642
1832460052 8409421901
1832460052 6097881170
1887863013 6291788301
1905259269 1832460009
1905259269 6097228890
1906513002 1273357465
1906513002 1906513003
1906513002 1274183615
1906513003 1906513002
1906515637 724277749
1906515637 1906515640
1906515637 5846566945
1906515640 1906515637
1906554311 1906554322
1906554322 5846566944
1906554322 1906554311
1906554322 1805063042
1910615997 1805063038
1968450265 31152551
1968450265 6540538696
2906087425 2906087426
2906087425 1273357465
2906087426 2906087425
3488754446 1832460028
3488754446 3569151193
3511456911 724275665
3569151193 1805062871
4539613962 1274183615
4539613962 7464564308
4539613962 4541324876
4539613965 4541324876
4541324876 4539613962
4541324876 4541324877
4541324876 4539613965
4541324877 4541324876
4915380424 724275078
5846566937 1805063022
5846566937 1832460041
5846566937 5846566944
5846566944 1805063038
5846566944 1906554322
5846566944 5846566945
5846566945 31148727
5846566945 1906515637
5846566945 6291788301
6054212750 1832460041
6054212750 1805063042
6054212750 1274183665
6097228890 1905259269
6097881170 1832460052
6097881170 1805063038
6291788301 1887863013
6291788301 31148727
6511954906 31019141
6511954906 6511954910
6511954910 31019141
6511954910 268301932
6540538696 31152736
6545671418 31152551
7464529882 7464564292
7464564292 7464529882
7464564292 7464564304
7464564292 7464564304
7464564304 7464564292
7464564304 7464564292
7464564304 7464564308
7464564308 4539613962
7464564308 724277749
7464564308 7464564304
8409421901 1832460052
