31019141
31148727
31152551
31152565
31152730
31152736
31232256
268301932
268301942
724273969
724275078
724275665
724277749
724302658
1273136909
1273357465
1274183615
1274183665
1274184084
1275280773
1800118154
1802839412
1803547391
1803547436
1805062871
1805062924
1805063022
1805063038
1805063042
1830679642
1832460009
1832460021
1832460028
1832460041
1832460052
1887863013
1905259269
1906513002
1906513003
1906515637
1906515640
1906554311
1906554322
1910615997
1968450265
2906087425
2906087426
3488754446
3511456911
3569151193
4539613962
4539613965
4541324876
4541324877
4915380424
5846566937
5846566944
5846566945
6054212750
6097228890
6097881170
6291788301
6511954906
6511954910
6540538696
6545671418
7464529882
7464564292
7464564304
7464564308
8409421901
